   6.4556394152999996e-01   5.3738915939569374e+00
   1.5673288620196801e+00   6.3618637540440602e+01
   2.0695855036883590e+00   1.3046973078169390e+01
   2.7786429955797658e+00   1.9855425046430450e-01
   3.2932392407151521e+00   4.0645938124040036e+01
   4.1803406162330266e+00   5.1485981099748031e+01
   4.7304046481304942e+00   4.3374552558499502e+01
   5.8703367359801231e+00   4.5281562879087247e+01
   6.7501001279247506e+00   2.7463150250716057e+00
   7.2714165702370854e+00   1.4474370875027732e+01
   7.8564978057293926e+00   1.1315477286246374e+01
   8.7307956592867644e+00   4.5754482851554819e+01
   9.5843527085573275e+00   5.5322642799493815e+00
   1.0481369526503887e+01   5.7591653368222723e+01
   1.0990127117711227e+01   2.6204793895415303e+01
   1.1580415811091097e+01   4.0625025999634914e+01
   1.2712378144801663e+01   4.0829855237236423e+01
   1.3845477346317718e+01   4.1050012784912120e+01
   1.4979075976066836e+01   4.1182179063391764e+01
   1.6111783762787599e+01   4.1279422867913524e+01
   1.7244149582790222e+01   4.1357319558185111e+01
   1.8377522333963686e+01   4.1418253388560487e+01
   1.9509587354050094e+01   4.1478445465878920e+01
   2.0642412424773880e+01   4.1530533118931409e+01
   2.1775129513714944e+01   4.1582387601621306e+01
   2.2908837949687246e+01   4.1625835235482455e+01
   2.4042030732377068e+01   4.1677167441970298e+01
   2.5175076286613947e+01   4.1733381385458650e+01
   2.6307811885117722e+01   4.1797996683877770e+01
   2.7441381962676477e+01   4.1871948773525745e+01
   2.8574295826766651e+01   4.1966381057975624e+01
   2.9708035328390149e+01   4.2090049386002711e+01
   3.0841073189711430e+01   4.2272342716202544e+01
   3.1975252132475084e+01   4.2563347157738995e+01
   3.3110662016427092e+01   4.3128422730605728e+01
   3.4249027026940425e+01   4.4672746806110041e+01
   3.5429811670745970e+01   5.7799781615687529e+01
   3.5937146881634199e+01   2.5728421375673037e+01
   3.6523600178578718e+01   3.8751522233720785e+01
   3.7659253757429660e+01   4.0464899341690540e+01
   3.8792311323915762e+01   4.0874161904281550e+01
   3.9925373557649252e+01   4.1074407438399106e+01
   4.1058480745147307e+01   4.1201268584871151e+01
   4.2191133443506168e+01   4.1293931754388815e+01
   4.3323718293578430e+01   4.1367875792305924e+01
   4.4455924014669627e+01   4.1434923564790751e+01
   4.5588732742345677e+01   4.1490332413961816e+01
   4.6721686855489253e+01   4.1540533341525830e+01
   4.7855555243512860e+01   4.1584017549559711e+01
   4.8988075575801886e+01   4.1635489778148809e+01
   5.0121283989843391e+01   4.1686968234934220e+01
   5.1254033496400830e+01   4.1745617225339437e+01
   5.2387574430725927e+01   4.1809050247990470e+01
   5.3520803896732225e+01   4.1886733663893814e+01
   5.4653640541658767e+01   4.1986051387137373e+01
   5.5787255204634590e+01   4.2117080790945700e+01
   5.6920225039200808e+01   4.2316725146686345e+01
   5.8055363412145830e+01   4.2632861883280349e+01
   5.9190070622435286e+01   4.3290503827440837e+01
   6.0330404237755189e+01   4.5247501878824238e+01
   6.1212331118704270e+01   2.5358220916303211e+00
   6.1730428164845421e+01   1.5638711836189586e+01
   6.2310311246775044e+01   1.5157340650762347e+01
   6.2894913555697336e+01   8.7057459675493885e+00
   6.3746022166200412e+01   4.0020871944725826e+01
   6.4878856690212487e+01   4.0730170282530835e+01
   6.6012008912748414e+01   4.0996530329407506e+01
   6.7144600668386246e+01   4.1154124840842456e+01
   6.8278356090614167e+01   4.1253353450318230e+01
   6.9411070624067094e+01   4.1334456791707851e+01
   7.0543484498926105e+01   4.1402957149482951e+01
   7.1676291692123783e+01   4.1460852848691282e+01
   7.2809075281123668e+01   4.1514118350396188e+01
   7.3941733595004877e+01   4.1566577089226811e+01
   7.5075488178942720e+01   4.1610459581514903e+01
   7.6207744568937628e+01   4.1665964353724220e+01
   7.7340610642292049e+01   4.1722211773937111e+01
   7.8474570609676917e+01   4.1777131397803039e+01
   7.9606836272551959e+01   4.1853931801793607e+01
   8.0740021042836403e+01   4.1941554985623547e+01
   8.1873633630302464e+01   4.2052410616068173e+01
   8.3006933076109661e+01   4.2214760664321858e+01
   8.4141662448121764e+01   4.2457659710354804e+01
   8.5276524338025339e+01   4.2911131980306585e+01
   8.6412608811738309e+01   4.4002041802018802e+01
   8.7563850234395815e+01   4.9126278181987729e+01
   8.8157939471390321e+01   5.5942736262608015e+01
   8.8674557838251715e+01   3.0114986239326960e+01
   8.9539544604440238e+01   2.2408584872565246e+01
   9.0164172349723728e+01   4.8100281542366176e+01
   9.0856432117554306e+01   7.5956869791004351e+01
   9.1598688162359906e+01   1.7976700447134778e+01
   9.2168684255325047e+01   1.5818628610823449e+01
   9.2747641902975133e+01   1.0527486542903402e+01
   9.3610762675901483e+01   4.2453295891593406e+01
   9.4745585028934968e+01   4.2905597922103162e+01
   9.5881742818012725e+01   4.3986059795969773e+01
   9.7032066091576795e+01   4.9005357317293615e+01
   9.7631678852077727e+01   5.7019697583250554e+01
   9.8142167874157082e+01   2.7526443439036367e+01
   9.8746583497221252e+01   4.6697859305754641e+01
   9.9577586985453920e+01   1.1026705351473570e+01
   1.0047318116353979e+02   5.0354401296529048e+01
   1.0103949005291366e+02   4.8217456433556904e+01
   1.0169681274390214e+02   6.9768467804191729e+01
   1.0247841351901413e+02   3.9511730737168683e+01
   1.0361394988018708e+02   4.0620276348920690e+01
   1.0474598424375215e+02   4.0947808836510546e+01
   1.0587988607039608e+02   4.1114924017301504e+01
   1.0701200788620828e+02   4.1232991663598064e+01
   1.0814485857346462e+02   4.1318419685309934e+01
   1.0927731182072561e+02   4.1391094974178657e+01
   1.1041058441796815e+02   4.1446470740612000e+01
   1.1154338299953932e+02   4.1500446051790981e+01
   1.1267597905114974e+02   4.1553535158558233e+01
   1.1380973924898056e+02   4.1598097469914670e+01
   1.1494182465654775e+02   4.1653897506336456e+01
   1.1607477686408579e+02   4.1707981409610099e+01
   1.1720773058534012e+02   4.1768249902433070e+01
   1.1834140895655018e+02   4.1831155336008138e+01
   1.1947483526199736e+02   4.1912529542375658e+01
   1.2060782094394854e+02   4.2020110098020560e+01
   1.2174131945286317e+02   4.2165744444670615e+01
   1.2287569967995158e+02   4.2383993271744082e+01
   1.2400917553501309e+02   4.2774429964840920e+01
   1.2514609869824694e+02   4.3614171213822310e+01
   1.2628887780950585e+02   4.6715962349049555e+01
   1.2711921437687310e+02   1.1353007654985889e+01
   1.2803006667163115e+02   5.4476767343583333e+01
   1.2855403349493352e+02   3.3891383500726320e+01
   1.2971547548878314e+02   4.6151231745374901e+01
   1.3055711100264051e+02   7.7532232724620940e+00
   1.3141087457578899e+02   4.0429064534277970e+01
   1.3254427815389556e+02   4.0860016405420950e+01
   1.3367717639057912e+02   4.1068132516500476e+01
   1.3481070471859920e+02   4.1194733527510557e+01
   1.3594359808096485e+02   4.1288650276805640e+01
   1.3707618844475667e+02   4.1363010745206914e+01
   1.3820847226272892e+02   4.1428583919842730e+01
   1.3934147998506725e+02   4.1482472538144151e+01
   1.4047413657340948e+02   4.1535654681782461e+01
   1.4160679995609445e+02   4.1588012148234014e+01
   1.4274047923066252e+02   4.1631720743931488e+01
   1.4387347933535301e+02   4.1683922751530638e+01
   1.4500645756686879e+02   4.1741049207222282e+01
   1.4613912518233141e+02   4.1808625758521949e+01
   1.4727262710813963e+02   4.1882851681850632e+01
   1.4840570775699493e+02   4.1980514641782747e+01
   1.4953909926273968e+02   4.2109994513755154e+01
